(2, 2, 2)	0.999886331644432	1.000038593621216	0.6745021439905762
(2, 2, 3)	0.9996769297220359	1.000730846395146	0.662417133666504
(2, 2, 4)	1.0000429667851578	0.9999588468203153	0.7247525955039065
(2, 2, 5)	0.9999779972847207	1.0002147087455957	0.6946176146335353
(2, 2, 6)	1.0000704399898108	0.999720423346607	0.7018517134216351
(2, 2, 7)	1.000107373580374	1.0002139306531825	0.7175025267090961
(2, 2, 8)	1.000037961569941	0.9998658061947958	0.6819426893291105
(2, 2, 9)	0.9999218640363701	1.000536136178527	0.6834819747087184
(2, 2, 10)	1.0000032214446382	0.9998318891350313	0.7264653369690665
(2, 3, 2)	0.9999461802919016	1.000035734596645	0.6868750042321959
(2, 3, 3)	0.9999632404011727	1.0002220337098147	0.6900680872089416
(2, 3, 4)	0.9999648753559954	1.0001442637867022	0.7244071257566046
(2, 3, 5)	1.00001840178845	1.0003734960845803	0.6781875192208665
(2, 3, 6)	0.999965604124311	1.0002862926594147	0.6722011748931265
(2, 3, 7)	0.9999993170275993	0.9999018695056349	0.7317050545709477
(2, 3, 8)	0.9998208991708231	1.000079614641386	0.6327605367344902
(2, 3, 9)	1.0002794211455242	0.9994914996797631	0.6659828717348537
(2, 3, 10)	1.0002656406399517	1.0002539687109866	0.6349099948705265
(2, 4, 2)	1.0001358300155887	1.000136380030834	0.6931672488211845
(2, 4, 3)	0.9996412732643347	1.0005624187679991	0.7050410108622687
(2, 4, 4)	0.9998774981763024	1.0001310883094114	0.7020367524944899
(2, 4, 5)	0.9997894225550342	1.0002727603371018	0.6835955502762104
(2, 4, 6)	0.9997073259167553	1.0003159301378344	0.6796664661641295
(2, 4, 7)	0.9992457306309517	1.0001399940998854	0.6553455264540402
(2, 4, 8)	0.9999790734236137	0.9999766828064414	0.6816282744428644
(2, 4, 9)	0.9993714218734816	1.0004808635061788	0.7070299651016503
(2, 4, 10)	1.0009002643749678	0.9991025508427139	0.6648051983602753
(2, 5, 2)	0.9998336777517921	1.000138596801357	0.6361346847685818
(2, 5, 3)	0.9996747025441125	1.0002818543482144	0.640929002906403
(2, 5, 4)	0.9998032004741294	1.000041176026013	0.7250162398154304
(2, 5, 5)	0.9997887621766688	1.000410774696617	0.7144718766546921
(2, 5, 6)	0.9997302176120737	1.0008379833234542	0.6732985512710157
(2, 5, 7)	1.0004059038988409	1.0002363743970053	0.7019659796409798
(2, 5, 8)	1.0000032640821062	1.000005342728571	0.6993737558752207
(2, 5, 9)	0.9999620480471811	1.0000199239394951	0.6799315497530504
(2, 5, 10)	1.0000158930504346	0.9998984265975029	0.7275147467206017
(2, 6, 2)	0.9988007173941101	1.000135391112117	0.6840390742726428
(2, 6, 3)	1.0003517801333766	0.9995978678612828	0.6945926309935745
(2, 6, 4)	0.9989745296604682	1.0006845563640427	0.6800925121695012
(2, 6, 5)	0.9999464310373526	1.0000888999349378	0.7502720999897734
(2, 6, 6)	1.0004314639709266	0.9997466474417492	0.7289341492885236
(2, 6, 7)	0.9997270855551732	1.001110396061834	0.7172064026994468
(2, 6, 8)	1.0000954053712465	0.9999474525699065	0.6918598121493248
(2, 6, 9)	0.9999237943093434	1.0000319156326238	0.7072320200470497
(2, 6, 10)	1.0003280565090067	0.9998583436051105	0.7606707641533754
(2, 7, 2)	1.0005483613807353	0.9992874783606749	0.6931618662427023
(2, 7, 3)	1.000216655745426	0.9986338632354164	0.6741646432481226
(2, 7, 4)	0.9999762445002998	1.0000077187406935	0.7499845101172964
(2, 7, 5)	0.999342682892352	0.9996129881481721	0.6687472137917109
(2, 7, 6)	0.9998319637836175	0.9996872861652802	0.6563449332940717
(2, 7, 7)	1.0001944360224564	0.9997535728282115	0.6548392291737648
(2, 7, 8)	0.9999083179836656	0.9999426923374605	0.7668397435211807
(2, 7, 9)	0.9988147482882851	1.000063849674494	0.6495840238669877
(2, 7, 10)	0.9998853223129615	1.0000196408309525	0.7552367787219503
(2, 8, 2)	1.0001444748840669	1.0000543045092474	0.7382816744901141
(2, 8, 3)	0.9999114127640477	1.0007777186435214	0.6876488976765662
(2, 8, 4)	0.9997655784970537	0.9997330652739373	0.6636791456077675
(2, 8, 5)	0.9999335389875268	1.0000310733564592	0.7226443832751176
(2, 8, 6)	0.9994598975252404	1.000248050631981	0.6892035044653156
(2, 8, 7)	0.9998043968881486	1.0000361355022573	0.6886916632141539
(2, 8, 8)	1.0001411615635405	0.9995339912732076	0.6788450234186665
(2, 8, 9)	1.0000087883425046	1.0001187671629175	0.6859542400714446
(2, 8, 10)	1.0000348094998606	1.000182858796562	0.7089604158884145
(2, 9, 2)	0.9999249449715261	0.999752645445301	0.6745523984078519
(2, 9, 3)	1.000155400616944	0.9998187318175035	0.6940804043930858
(2, 9, 4)	1.000238902714255	0.9997458071684042	0.7232000751990394
(2, 9, 5)	0.9996463931110325	0.9999006226373407	0.6851633173157917
(2, 9, 6)	0.9999277487051178	1.000194837509769	0.6867459184159818
(2, 9, 7)	0.9999476936232283	1.0000105916603783	0.6933255469391858
(2, 9, 8)	1.0000120185781196	0.9999830294147786	0.7106241575070993
(2, 9, 9)	0.9999307293044867	0.9999023426311752	0.697313210607591
(2, 9, 10)	0.999978103133081	1.000025552576305	0.6732591690187838
(2, 10, 2)	1.0000661293195605	1.000303738176133	0.6939612859731109
(2, 10, 3)	0.9999251895113377	1.0001394834216137	0.6788204877588288
(2, 10, 4)	1.000625001068453	0.9999903859543668	0.6939995455613097
(2, 10, 5)	1.0002101222306756	1.0003815416047663	0.6926885469033257
(2, 10, 6)	0.9998998448804103	0.99993656381277	0.8858069067186415
(2, 10, 7)	0.9995444490333416	1.0004499598483227	0.6850835077365962
(2, 10, 8)	1.0000043279582864	0.9999782984027956	0.6453565878115578
(2, 10, 9)	1.0004293188824154	0.9997442334614288	0.6822726086638723
(2, 10, 10)	0.9997629843660275	1.0001675994528059	0.6769527236507527
(3, 2, 2)	1.0000850494203644	0.9994417990549304	0.6891291521001461
(3, 2, 3)	1.0000830067332025	1.0001955192001728	0.749963326802744
(3, 2, 4)	0.9999537270096498	0.9999935574053852	0.6648130873545582
(3, 2, 5)	0.9998803417752109	1.0004503396637914	0.6889006327016334
(3, 2, 6)	0.9997513244698802	0.9998761631765385	0.6683473180927342
(3, 2, 7)	0.9998743265663815	0.9997667923083341	0.6991751971873928
(3, 2, 8)	0.9999400307925652	0.9998143074485232	0.6693757421463734
(3, 2, 9)	1.000230749252392	1.0002504327730448	0.7205948044715687
(3, 2, 10)	1.000070328462664	0.9999203386606003	0.6993709153329215
(3, 3, 2)	1.000180846940823	0.999629914240642	0.6641089498817735
(3, 3, 3)	0.9992710004036287	1.0003089573191535	0.6883667596922639
(3, 3, 4)	1.0001396599630572	0.9998437619226967	0.7313106624506217
(3, 3, 5)	0.9999963793069603	0.9998964035274054	0.6620600058001211
(3, 3, 6)	0.9999280940778444	1.0007482053253318	0.6759047191223859
(3, 3, 7)	1.000339624127086	0.9991921029209779	0.7065170937044494
(3, 3, 8)	1.0003887298424297	1.0000364058322153	0.6852183686125165
(3, 3, 9)	1.0000849906467997	0.9998550504406825	0.7164293842586726
(3, 3, 10)	0.9999783011766973	0.9999452965783793	0.6953168981961019
(3, 4, 2)	0.9990337352907912	1.0002708658840802	0.6465750779801992
(3, 4, 3)	1.0002148891063498	0.9998996764956878	0.6800024651468529
(3, 4, 4)	1.0001325265496528	1.0000128279344767	0.6994667953999957
(3, 4, 5)	1.0001516441909273	0.9999454937937758	0.6547896749475316
(3, 4, 6)	0.999709767169573	1.000110283307392	0.735245465237886
(3, 4, 7)	1.000098475929609	0.9998738144243514	0.6853394101969311
(3, 4, 8)	0.9996896716733699	1.0001423036943573	0.6911713241976197
(3, 4, 9)	1.0002841529375346	0.9998431631850551	0.7402910594860185
(3, 4, 10)	1.0002484104789244	1.0000198964613274	0.6880722194762519
(3, 5, 2)	0.9995741126249741	1.0002431898044852	0.6140322518272837
(3, 5, 3)	0.999840038513183	1.0001698905014915	0.7031465559846839
(3, 5, 4)	0.999919405579388	1.0006821570151776	0.6777855417880992
(3, 5, 5)	1.0000043410901014	1.0000476746325937	0.693461504398285
(3, 5, 6)	1.0001144764716714	0.999762042830527	0.7185580793645152
(3, 5, 7)	1.0000409100191348	1.0000766983121174	0.6960997086493215
(3, 5, 8)	0.9998059968401865	1.0002305567881626	0.6650376529005687
(3, 5, 9)	1.0001522651467531	1.0000392143648216	0.7210279826334207
(3, 5, 10)	1.000035001634163	0.9997145011809391	0.7058403499070224
(3, 6, 2)	0.9998132413279966	1.0002942014733052	0.6728220086327069
(3, 6, 3)	1.0002058239390168	0.9997738147806474	0.6651963049844515
(3, 6, 4)	1.0000352300984765	1.0000911606957559	0.7428248430393486
(3, 6, 5)	0.9999934861816573	1.0001887240278955	0.6609525351461205
(3, 6, 6)	1.0005423311272927	0.9998706596572805	0.6960807894024301
(3, 6, 7)	1.0000590453079339	1.0000642901610677	0.6559216519020581
(3, 6, 8)	0.9999632882528656	1.0004269861267547	0.6758837560934161
(3, 6, 9)	1.0001156299261453	0.9999613183450282	0.6985835487462364
(3, 6, 10)	0.9999190482435554	0.9999134540529119	0.6859707144407499
(3, 7, 2)	1.0002539022990944	0.9999319017420656	0.6938300104514422
(3, 7, 3)	1.000032440235739	0.9999479376606017	0.7125912905027953
(3, 7, 4)	0.9999804239482898	1.0002464117030783	0.695542035737599
(3, 7, 5)	1.0000529596997434	0.9995787719454728	0.6725801429209484
(3, 7, 6)	1.0004090552064053	0.999486626026404	0.7079881773577588
(3, 7, 7)	1.000040438317282	0.9993711200764748	0.6844166259810726
(3, 7, 8)	1.0000522102910896	0.9999724827500278	0.6973014607154681
(3, 7, 9)	0.9996860235203644	1.0001084973574217	0.7179026911690717
(3, 7, 10)	0.9997625131250839	1.0001361330382348	0.7654008503759246
(3, 8, 2)	0.9996729396837213	1.000643380897506	0.7262981926435749
(3, 8, 3)	0.9999423621373067	1.0005100703844914	0.6863230338284425
(3, 8, 4)	1.0000867069079828	0.9999405415516233	0.6683688839512837
(3, 8, 5)	0.999792917393865	0.999822391062247	0.690382909032745
(3, 8, 6)	1.0001960700948795	0.9997219716853254	0.7411936527587895
(3, 8, 7)	1.0000180802805478	1.0001497573456595	0.6848342737535538
(3, 8, 8)	0.9999711514982557	1.000060321023523	0.7037011436968496
(3, 8, 9)	1.000154051412799	0.9999139009266128	0.6547512657777714
(3, 8, 10)	0.9998660048606344	1.000160627467683	0.6576877859875747
(3, 9, 2)	1.000025556035975	0.999925607862752	0.6526694200000374
(3, 9, 3)	1.0000840221061489	1.000012234031017	0.6786271096775485
(3, 9, 4)	1.0002033080822812	1.0001498419579211	0.678045027413374
(3, 9, 5)	1.0000452359239025	0.9997812300653227	0.6684379106981113
(3, 9, 6)	0.9999995648076395	1.000012975275362	0.6563964458006403
(3, 9, 7)	0.9999417680356837	0.9998259677029004	0.7082962304615539
(3, 9, 8)	1.000416883403716	1.000020080706611	0.6890165676535356
(3, 9, 9)	0.999940061551616	1.000027516138636	0.6693268924506997
(3, 9, 10)	0.9999522284021084	0.9999434914693058	0.6908198639426884
(3, 10, 2)	0.999935599985566	0.9996212324358419	0.6742995366703185
(3, 10, 3)	1.0002047821950915	0.9998209961838147	0.6620794735060831
(3, 10, 4)	0.9998830934954709	1.0000745039257701	0.6654355236293311
(3, 10, 5)	0.9999556649885867	0.9999094501338133	0.6353478825299517
(3, 10, 6)	0.9996299339751263	1.000852340172219	0.6328148860755287
(3, 10, 7)	1.0001594485071674	0.9997826664753191	0.67116413889908
(3, 10, 8)	1.0002339365266124	0.9998436064853236	0.6748156640438248
(3, 10, 9)	0.9998970607753318	1.000363968988697	0.7056972353930311
(3, 10, 10)	1.0000237477352312	0.9999431552467262	0.6949397056743507
(4, 2, 2)	1.000009252161575	0.9999638446625887	0.6839173249353198
(4, 2, 3)	1.000064623393285	0.9998220260198821	0.7028257468588393
(4, 2, 4)	1.0000533762369297	0.9996818951795062	0.6859541453236588
(4, 2, 5)	1.0004051568116936	0.9998024820424697	0.6619984054603659
(4, 2, 6)	1.000176135089876	0.999782620070925	0.6712129007386625
(4, 2, 7)	0.9998480106129792	1.000027716851518	0.6931655533057716
(4, 2, 8)	1.0000170393871899	0.9999770038509735	0.6837416880411413
(4, 2, 9)	0.999975716610416	1.0000214678725794	0.6774556230980853
(4, 2, 10)	0.9999567492701582	1.0000211303841653	0.7156505116953694
(4, 3, 2)	1.0001093591692995	0.9999694103636811	0.6824673646519565
(4, 3, 3)	0.9997029498481188	1.000481387128963	0.7043078142305638
(4, 3, 4)	0.9998743369720701	1.0000253341473682	0.7034068504087265
(4, 3, 5)	1.000102554982614	0.9998855075285459	0.6506194877459206
(4, 3, 6)	1.000244493206737	1.0001309872879667	0.7812355506256181
(4, 3, 7)	1.0000040163054869	1.0000081564485097	0.6640421956972775
(4, 3, 8)	1.000049722859397	1.0000795425036848	0.703416098482455
(4, 3, 9)	0.9998656108110957	1.0001264263567295	0.7521904486256931
(4, 3, 10)	0.9998821055500805	1.0000842307086417	0.6631994728680847
(4, 4, 2)	1.0000312789077412	0.9998603764514001	0.6761995413630071
(4, 4, 3)	1.0000101532747434	0.99997229161751	0.6820809434947763
(4, 4, 4)	0.9994285885308689	1.000300398940234	0.7281158611116331
(4, 4, 5)	1.000086330757981	1.000081492074937	0.6790177939314543
(4, 4, 6)	0.9996005385854057	0.9999491955732397	0.6677374067524273
(4, 4, 7)	0.9998798663012917	1.0000196375257138	0.7123871599996804
(4, 4, 8)	0.9989278501394859	1.000699403212362	0.6647418152974686
(4, 4, 9)	0.9999574610356792	1.0001152083944167	0.6983821551312693
(4, 4, 10)	1.00019712829165	1.0000245369228722	0.7018335238399755
(4, 5, 2)	0.9996057459130494	1.0002879704666798	0.6745074801666734
(4, 5, 3)	1.0001269825637238	1.0001074569760438	0.6503803992455763
(4, 5, 4)	1.0001461117492538	0.9998900078633317	0.7022877800224062
(4, 5, 5)	1.0000593750431845	0.9999188518017232	0.6888415904041482
(4, 5, 6)	0.9998338569630526	1.0001358730482015	0.7727803704768647
(4, 5, 7)	0.9992298114366441	1.0003009116985184	0.7008494176171902
(4, 5, 8)	1.000024518215696	1.0000279129036218	0.7241650779882701
(4, 5, 9)	0.9999805340906731	1.000055731880309	0.6693441826794283
(4, 5, 10)	0.9999895331193193	0.9999811150906388	0.685981250853763
(4, 6, 2)	0.9999925649462968	1.000357371894451	0.7108040428413265
(4, 6, 3)	1.0001417071305627	0.9992138976344885	0.6553338605059461
(4, 6, 4)	1.0002015330757295	1.000271870013944	0.6818850728020909
(4, 6, 5)	1.0000757771551063	0.9993613091124613	0.6266407895331954
(4, 6, 6)	0.9999600475740137	1.0000331182779716	0.6921599030221565
(4, 6, 7)	0.9999737750510467	1.0000507584533949	0.6998926352860065
(4, 6, 8)	1.000094234312821	1.000062125503651	0.6807792050269507
(4, 6, 9)	0.9999381247287605	1.0000187184313658	0.6868549732638839
(4, 6, 10)	1.0001944323264054	0.9996811799446063	0.6873106253616539
(4, 7, 2)	0.9995955413626226	1.000283036521421	0.6502011435679814
(4, 7, 3)	1.0002377424495084	0.9995657124280124	0.7048045200239007
(4, 7, 4)	0.999908999037309	1.000091411309507	0.6676114063964752
(4, 7, 5)	1.0000682735794157	0.9999627589040481	0.7107388904348706
(4, 7, 6)	0.999586819385987	1.0001988618227966	0.6644372220246502
(4, 7, 7)	0.9999919718154466	1.000144621652058	0.6872480801133258
(4, 7, 8)	1.000017645214917	0.9999196094641035	0.6970348399295969
(4, 7, 9)	1.0002697981683457	0.999508978846833	0.6847746590870069
(4, 7, 10)	0.9999850081047938	1.0000450795623423	0.7242265802687549
(4, 8, 2)	0.9995553796866017	1.000035836065445	0.7307313353137882
(4, 8, 3)	1.000067922092709	0.9993472442890075	0.6630592470482997
(4, 8, 4)	0.9999905032715666	1.0001909509831073	0.7169900994101456
(4, 8, 5)	0.9999255509723413	1.0000736424740788	0.6619346342219701
(4, 8, 6)	1.000287733383261	0.9997247497911886	0.7044953325345152
(4, 8, 7)	0.9999338022741067	0.9999175836455503	0.6665507772775536
(4, 8, 8)	0.9998244546998594	1.0000894442619543	0.7180639968062179
(4, 8, 9)	1.000106755710554	1.0000136819409295	0.7028263333842265
(4, 8, 10)	0.9999301840208178	0.9998780934623078	0.6685750990114482
(4, 9, 2)	1.0003138952596207	1.000083204236701	0.7303560791147323
(4, 9, 3)	0.999906834048821	0.9999942455888597	0.6655978132955066
(4, 9, 4)	1.0000349819014522	0.9996918331514224	0.6457022067885304
(4, 9, 5)	1.00029917905744	1.000414893448577	0.6776510870921039
(4, 9, 6)	0.9998071079376485	1.0001813869502294	0.7119486621755073
(4, 9, 7)	0.9997195717406678	1.0001153838875279	0.6686044459212386
(4, 9, 8)	1.0000308452508364	0.9997726692253546	0.6938301520012611
(4, 9, 9)	0.999734683337565	1.0001737012367453	0.6873582159372694
(4, 9, 10)	1.0002291434009962	0.9997849654974733	0.6807233863339347
(4, 10, 2)	0.999915348428065	1.0000368086840763	0.733641508261338
(4, 10, 3)	1.000086991939207	0.9999764913027156	0.696714344614279
(4, 10, 4)	0.9992414653008168	1.0003152112547984	0.6364831379788849
(4, 10, 5)	1.0000577461075733	1.0000478336330074	0.6605755190842094
(4, 10, 6)	1.0001499128002203	0.999815212419633	0.6372473211715282
(4, 10, 7)	1.0000085210821046	1.0000561412367504	0.6755257845507152
(4, 10, 8)	1.0001088113350993	0.9997374399635721	0.7025528474567582
(4, 10, 9)	0.9999724027604214	0.9997883075611057	0.6721041336400354
(4, 10, 10)	1.0002499591720024	0.9996964143173473	0.6686292256081914
(5, 2, 2)	0.9999605286522038	0.9999997306054442	0.6748117526211987
(5, 2, 3)	0.9999297094592633	1.0001180855961105	0.6814374730563162
(5, 2, 4)	1.0001061613096678	0.9999467561039991	0.7217620818960025
(5, 2, 5)	1.000071696273727	0.9999769829076236	0.6898426595120043
(5, 2, 6)	0.9999399549801068	0.999982237376925	0.7482732724754465
(5, 2, 7)	0.999997424572218	1.0000174300525568	0.68565502396094
(5, 2, 8)	0.9995296650880765	1.0007395444012417	0.6208137175432539
(5, 2, 9)	0.9999860887193799	1.000018935495304	0.6913978143018898
(5, 2, 10)	0.9998561584951067	1.000042232864906	0.6959237143951407
(5, 3, 2)	1.0000770865477593	0.9999829839750972	0.6844738081365227
(5, 3, 3)	0.9998203986175684	1.0000253877821759	0.6788887614435066
(5, 3, 4)	0.9998869779712005	1.000026576704891	0.7015470500063897
(5, 3, 5)	1.000068921287423	1.0003316588939466	0.6989370825959018
(5, 3, 6)	0.999943036698334	1.0000272759712576	0.6828991013165849
(5, 3, 7)	1.0000779582273938	0.9998702523467569	0.7184311862414654
(5, 3, 8)	1.000039571267149	0.9998630962269668	0.6869175503879064
(5, 3, 9)	0.9999410492422264	1.0001672713885095	0.730718321051735
(5, 3, 10)	0.9999301164267208	1.0000471144944594	0.6902600173870418
(5, 4, 2)	1.0000163067412708	0.9999543555632763	0.682353625427049
(5, 4, 3)	0.9998862427841347	0.9999929519049328	0.6990270698151613
(5, 4, 4)	1.0001498006867766	1.0000493413064682	0.7045493945389542
(5, 4, 5)	0.9999616391789217	1.0000990326530244	0.6527486176501123
(5, 4, 6)	0.9999832097498971	0.9998241376356283	0.6545805293599493
(5, 4, 7)	0.9997730831019978	1.0002790070512346	0.688115160394117
(5, 4, 8)	1.0000957006922544	0.9998434247548464	0.7077723833441295
(5, 4, 9)	0.9999759174272531	1.0001173156415353	0.6580623067321003
(5, 4, 10)	0.9999043124507875	1.0000020693410907	0.6940071475309599
(5, 5, 2)	1.0000229779093486	0.999893350080708	0.6763041961051772
(5, 5, 3)	1.0000166946674447	0.9999654145551785	0.6871922377845924
(5, 5, 4)	0.9999176749195313	1.0001093005043242	0.6433253269443031
(5, 5, 5)	1.000028628396276	0.9998902059263173	0.6489846300063928
(5, 5, 6)	0.9998592510737561	1.0002026422415096	0.7021779791163142
(5, 5, 7)	0.9999570702962355	0.9999601951482467	0.6971211882234652
(5, 5, 8)	1.0003818497082824	0.9996637788715205	0.6559079443321358
(5, 5, 9)	1.0000280298259239	0.9999546634115404	0.6692561491908424
(5, 5, 10)	1.0000664346027424	1.0000516488530407	0.6983119795225038
(5, 6, 2)	0.9996441594043154	1.0004049925039014	0.7231967088135014
(5, 6, 3)	0.9999681591487077	1.000049109848342	0.7036014752647161
(5, 6, 4)	1.0001143610344447	0.9998965627403227	0.65745424307296
(5, 6, 5)	1.0000670880284812	1.0001466963113645	0.6592573203384902
(5, 6, 6)	1.0004681564736597	0.9993560970293996	0.6831781724053339
(5, 6, 7)	1.0000771965741613	1.0000543820331114	0.7061820446409938
(5, 6, 8)	0.9999117213994778	1.0000824866918137	0.6709341585389231
(5, 6, 9)	1.000624178255377	1.0003586289399433	0.7227872591104945
(5, 6, 10)	0.9999734261222013	0.9999547548835281	0.6814164254883428
(5, 7, 2)	0.998962822279979	1.0005747762007404	0.644008625537236
(5, 7, 3)	0.9999578146936041	1.0006568411017052	0.7112736209113616
(5, 7, 4)	0.9996059274446656	1.0003703031729103	0.680950230649004
(5, 7, 5)	0.9999796872376969	0.9998804310317654	0.6733870184289766
(5, 7, 6)	0.9999034067245565	1.0000580234204508	0.6981384159276308
(5, 7, 7)	0.9996026201572216	1.000370266914805	0.6833070556699844
(5, 7, 8)	1.000058348361746	0.9999973744742842	0.6669058876161114
(5, 7, 9)	1.0001355953191207	0.9993725012376119	0.6831232303954649
(5, 7, 10)	1.0000911817374354	1.0000553894779445	0.6373774317668227
(5, 8, 2)	1.000213727105761	1.0002976756399418	0.7187007730384719
(5, 8, 3)	1.0001558243386817	0.9997594096444864	0.6898352814532582
(5, 8, 4)	1.0002329199182902	1.0000370410281016	0.6844514280245128
(5, 8, 5)	0.999884095371962	1.00019211309042	0.7047595601155785
(5, 8, 6)	0.9999034712974914	1.000332103885148	0.7315591299310031
(5, 8, 7)	1.0000414414522785	1.0000023982650597	0.6855168303316382
(5, 8, 8)	1.0000633159617693	0.9995149337239151	0.6876990877941226
(5, 8, 9)	1.0000679619776907	0.9999547629853253	0.6913146351566642
(5, 8, 10)	0.9998104112701253	1.000298906231637	0.7370970986713835
(5, 9, 2)	1.000023844295093	0.9996742273632748	0.7394156655276077
(5, 9, 3)	0.9999426609266899	1.0002807609991915	0.7092256526021099
(5, 9, 4)	0.9999657918598319	1.000017511199262	0.7170863841638514
(5, 9, 5)	0.99993749963252	1.0001024031153534	0.6758852550328619
(5, 9, 6)	1.0000287572912914	1.0000137045325401	0.6754723801523078
(5, 9, 7)	0.9999374182965513	0.9999596425961423	0.6683314502511475
(5, 9, 8)	0.9998641425101953	1.0001413214855044	0.7577207011376254
(5, 9, 9)	1.0000126090658352	0.9999421598435008	0.7176031296002203
(5, 9, 10)	1.0000094936857342	1.0000010103824115	0.6985853593990722
(5, 10, 2)	1.000002747720756	1.0001495436123518	0.6544128085754299
(5, 10, 3)	0.999743041649886	0.9999601593257547	0.6961864737057015
(5, 10, 4)	1.000031970973783	1.0000049615615219	0.7227258723603628
(5, 10, 5)	1.0000252174675195	0.9999349021928632	0.6690396100546578
(5, 10, 6)	1.0005473660239608	0.9990978375327743	0.6953809128403854
(5, 10, 7)	1.000230634229993	0.9999983853466788	0.6890811639224125
(5, 10, 8)	0.9999754950830462	1.0000212480792714	0.65717887192643
(5, 10, 9)	1.0000640146477684	0.9998707814194556	0.6573776498350605
(5, 10, 10)	0.9998469352920663	0.9999734723800892	0.6897832718783667
(6, 2, 2)	1.0001311307959744	0.9998479600538743	0.7047449724342577
(6, 2, 3)	1.0000867833498517	1.0003078456080186	0.7590314692160707
(6, 2, 4)	1.0000409744433787	0.9999790535657377	0.6851777020166906
(6, 2, 5)	0.9998489567131421	1.000116790087895	0.6934559324271328
(6, 2, 6)	0.9999923434175536	0.999932126410665	0.6956357217893248
(6, 2, 7)	0.9995632537408863	1.0003099618799165	0.650232787659377
(6, 2, 8)	1.0001768939957838	0.9997605977884072	0.7101730867546486
(6, 2, 9)	1.000004106243161	0.9999905978813639	0.6702850165417324
(6, 2, 10)	1.0001198639501383	0.9999940464495678	0.6738325898320291
(6, 3, 2)	1.000019596271927	0.9999814773393544	0.6830212494521773
(6, 3, 3)	1.00002855109087	0.9999855040432836	0.6563696008740961
(6, 3, 4)	0.9996250666908503	1.000327223547459	0.7353684234069464
(6, 3, 5)	1.0000076117309142	1.0000075678831994	0.725246706627935
(6, 3, 6)	0.9998618795719741	1.0001027500367186	0.7167846599381735
(6, 3, 7)	1.0000060474123604	1.000014476566132	0.6911973871232748
(6, 3, 8)	0.9996596786633969	1.0002931660775642	0.6957883194530933
(6, 3, 9)	1.0000529041648722	0.9999776866043986	0.6516269866010651
(6, 3, 10)	1.000064176567671	0.9998911257949398	0.6727205046854502
(6, 4, 2)	1.000039910294765	0.9999275861559135	0.7072960126081158
(6, 4, 3)	1.0000308334404204	0.9999068608010802	0.663647426478998
(6, 4, 4)	1.0000051392771474	1.0001568338145543	0.713548244866424
(6, 4, 5)	0.9999271611452787	1.000088645666618	0.7681995504781203
(6, 4, 6)	0.9997410046234622	1.000224222836175	0.6775766971755364
(6, 4, 7)	0.9996629826017726	1.0001276193581465	0.6993732346560796
(6, 4, 8)	1.0001384570046055	1.0001699127273322	0.6553259755090662
(6, 4, 9)	0.9999990915468625	0.9999237285588735	0.6909307799740978
(6, 4, 10)	1.0000115918979373	1.0000005582820564	0.7124101430604806
(6, 5, 2)	0.9999623710445358	1.0001226586597343	0.6993667864867993
(6, 5, 3)	0.9999994325806176	0.9999331612181224	0.687614248281756
(6, 5, 4)	0.9999298592827646	1.000183599636223	0.6692251203094537
(6, 5, 5)	1.0001048675215545	0.9992175925644592	0.6573103950354939
(6, 5, 6)	0.9998018373298959	1.0003052156944485	0.6540089704213387
(6, 5, 7)	1.000013432392512	1.0000397054308037	0.6969501598655351
(6, 5, 8)	0.9999954017477506	1.0000429257626522	0.7626143769358938
(6, 5, 9)	1.000198886375385	0.9999650184342765	0.6786253557223971
(6, 5, 10)	1.0001440606779024	0.9999494891061074	0.6934141216817992
(6, 6, 2)	1.000134528250048	0.9997865756373087	0.674570456903042
(6, 6, 3)	0.9999963607198747	0.9999259806681741	0.7050887826870951
(6, 6, 4)	0.9996794572455122	1.0003364948228037	0.6956866797754807
(6, 6, 5)	1.0004157039407942	0.9997738618330052	0.6659108646407286
(6, 6, 6)	0.9999024407977752	0.9994319021400281	0.6701687657157606
(6, 6, 7)	1.0001631196875975	0.9999128468384001	0.6651141113778825
(6, 6, 8)	1.0000762115302055	1.0000163068909933	0.6897840495650784
(6, 6, 9)	0.9999515689706339	1.0000041712881222	0.6772774965297199
(6, 6, 10)	0.9999217990027629	1.0001465427736655	0.6743656550981486
(6, 7, 2)	1.0000086958285814	1.0000177834890844	0.6469135137771299
(6, 7, 3)	0.9999571838157677	0.999930828978352	0.65524767120224
(6, 7, 4)	1.000053595162155	1.0003022681010172	0.6703557005872137
(6, 7, 5)	1.0002757478211983	0.9998253511689519	0.6996899625247162
(6, 7, 6)	0.9998974497157047	1.0003029908248795	0.6184241875965597
(6, 7, 7)	0.9999517224509206	0.9999642482685026	0.7155530521809843
(6, 7, 8)	0.9999811499690192	1.0000220898738557	0.6966525096894668
(6, 7, 9)	1.0000374826711185	0.9999962976916794	0.7127519422958161
(6, 7, 10)	1.0001338320739719	0.9997522612977423	0.6794478383691905
(6, 8, 2)	1.0000667414811144	1.000022333035692	0.685414132193835
(6, 8, 3)	0.9999752347053571	1.0000342235577635	0.7049960780182317
(6, 8, 4)	0.9997658698532611	0.9999342042306294	0.6552131712399053
(6, 8, 5)	1.0000074576969529	0.9999785811791024	0.7199208308785475
(6, 8, 6)	0.9999779953101388	0.9999865066074317	0.7010077199582921
(6, 8, 7)	1.000101027770597	0.999881002920616	0.6344849477468121
(6, 8, 8)	0.9999349575825571	1.0001743893422423	0.6424208014025353
(6, 8, 9)	0.9999629496543383	1.000035961363531	0.6460562077220277
(6, 8, 10)	0.9997132765068901	1.000174839893108	0.6583512075125105
(6, 9, 2)	0.9997507935820916	1.0004042556072115	0.6805401538783428
(6, 9, 3)	1.0000075831400843	0.999837948829779	0.691397599422824
(6, 9, 4)	1.00006862302186	0.9999811333045825	0.685198236421133
(6, 9, 5)	0.9999456269647022	1.0001780429408484	0.7001813078410628
(6, 9, 6)	1.0001239164247073	1.000001863106541	0.6788089573001981
(6, 9, 7)	0.9995684648529902	1.0003581301068885	0.700648984476683
(6, 9, 8)	0.9998564450670715	1.000201985215587	0.7099888570152602
(6, 9, 9)	1.000058674527424	0.9999408521171067	0.6654988562472473
(6, 9, 10)	1.0001614327288888	0.999907102108218	0.7029076721125047
(6, 10, 2)	0.999789735131442	0.9998239678558942	0.7026908705788789
(6, 10, 3)	1.000282426572693	0.9996854050608789	0.6762908606475
(6, 10, 4)	1.000055306415322	1.0000474885552282	0.7719002474585588
(6, 10, 5)	0.9998412754843894	0.9999894779889852	0.7154644222914942
(6, 10, 6)	0.9997022536308697	1.0000601114562675	0.6667755997957461
(6, 10, 7)	1.0000758409222505	0.9999142245920162	0.6889166820384867
(6, 10, 8)	0.9999429461656641	0.9998421256610239	0.7308004589377848
(6, 10, 9)	0.9998835076065805	1.000087776368868	0.697639877918566
(6, 10, 10)	0.9999052687277576	1.0001399800623165	0.7082278972281086
(7, 2, 2)	0.9998606852889581	0.9997266581275325	0.7424922523836522
(7, 2, 3)	1.0000124502994592	0.9999731687730794	0.7291402718899879
(7, 2, 4)	0.9999728860983295	1.00008505782308	0.72321217011164
(7, 2, 5)	1.0000125587970798	0.9998928455882051	0.7353364145118174
(7, 2, 6)	1.0000376642540099	0.9999860960566694	0.6601879645784774
(7, 2, 7)	1.0000347890223606	1.0000982133636578	0.6510824745085968
(7, 2, 8)	1.000019697285923	1.0000621153367044	0.6656285526643761
(7, 2, 9)	1.0000817221184284	0.9999463668206247	0.6788746755987589
(7, 2, 10)	1.000102115766425	0.9999717177170987	0.7049133021421984
(7, 3, 2)	0.9999804402056173	1.0000739853523763	0.674039520353759
(7, 3, 3)	0.9999892197384453	1.000000063626762	0.7199536761141111
(7, 3, 4)	0.9996854731458877	0.999949922439568	0.6969458160881689
(7, 3, 5)	0.9999145767222892	1.0001276949917957	0.678677850624232
(7, 3, 6)	1.0000064437836886	1.0001627805917173	0.6763013487905107
(7, 3, 7)	0.9999794345145387	0.9998762392753527	0.6787451051773801
(7, 3, 8)	1.0001362235545435	0.9998005816794927	0.7069972623383903
(7, 3, 9)	0.9996385446316002	1.0000765789386041	0.7411786248608906
(7, 3, 10)	0.999921975198631	1.0000586123641422	0.775376877886925
(7, 4, 2)	0.9999530563425976	0.9999925736676217	0.6965993013224112
(7, 4, 3)	0.9998829526902333	0.9999722353009948	0.6547702287290522
(7, 4, 4)	1.000165836896103	1.0001166861772919	0.6812599508442576
(7, 4, 5)	1.0000817943501221	1.0002484831248968	0.6844206198373788
(7, 4, 6)	1.0001380943380775	1.0001385867839558	0.6951011840110929
(7, 4, 7)	1.0001508736090288	0.9998731100514489	0.7001392572605748
(7, 4, 8)	0.9998299729691624	1.0002105059491482	0.6607996639552804
(7, 4, 9)	1.0000772789017607	0.9999210577344639	0.7208079211450369
(7, 4, 10)	0.9999475264932054	0.999990754210351	0.6770876288504775
(7, 5, 2)	1.0001174169808158	0.9998278136186523	0.6473145546807129
(7, 5, 3)	1.0001975576064628	0.9995874821541022	0.7576019631083502
(7, 5, 4)	0.9999932638025469	0.9998367160644129	0.6756913667234054
(7, 5, 5)	1.0001424732512967	0.9999588294716338	0.6613557101405702
(7, 5, 6)	0.9995944985821764	1.0004123360909305	0.649635734993345
(7, 5, 7)	0.9999586776785258	1.0000874948696024	0.6743266255242832
(7, 5, 8)	0.9999994437708024	1.0000312717088524	0.7155531348480506
(7, 5, 9)	1.0003822873051158	0.9994938741843467	0.7036216696828531
(7, 5, 10)	0.9997982709697619	1.0000272258824021	0.7272304066002027
(7, 6, 2)	1.0000372144596614	1.000110218294595	0.6817538577726359
(7, 6, 3)	1.0004238485741583	0.9997653712325443	0.6660548836436343
(7, 6, 4)	1.000029256058542	1.000056003098656	0.6606568354341186
(7, 6, 5)	0.9998931449682412	1.0000780019665307	0.6624023129562934
(7, 6, 6)	0.9995812998283853	1.0004099832756423	0.6851051526109627
(7, 6, 7)	1.0001156873427588	0.9999968447263353	0.6844093103692105
(7, 6, 8)	1.000033421926285	0.999843850988531	0.6818579979723552
(7, 6, 9)	0.9999880802916907	1.0000497640530004	0.6742533818659698
(7, 6, 10)	0.9998318292827785	1.0001993195277037	0.6747798338232428
(7, 7, 2)	1.000111034478593	0.9998483408199613	0.6746656552877454
(7, 7, 3)	1.0009254206682874	0.9991826914333404	0.696571201379017
(7, 7, 4)	1.0001274846414228	1.0000274383041516	0.6903417607723362
(7, 7, 5)	0.9998797440360213	0.9999419106561546	0.7317312552257282
(7, 7, 6)	1.0000214310531976	0.9999654335159711	0.6973849061717449
(7, 7, 7)	1.0000608657329606	0.9997051543303904	0.6961390588545482
(7, 7, 8)	0.9999692758370575	1.000146630642895	0.669765476803972
(7, 7, 9)	1.000007336191485	1.0001368329828129	0.653722090699985
(7, 7, 10)	1.0001082850480016	0.999851969198507	0.6747216159449371
(7, 8, 2)	1.0000335596671113	0.9994894726677914	0.6638936810059093
(7, 8, 3)	1.0000394962569525	1.000011922079211	0.7069469504499628
(7, 8, 4)	1.000121149079368	0.9999636701392223	0.697138093652136
(7, 8, 5)	1.0001008078108977	0.9999365325932011	0.6541169107279177
(7, 8, 6)	1.000051275118454	0.999979853922315	0.6939142156071821
(7, 8, 7)	1.0000526490569797	0.9999622891717402	0.6729119698682344
(7, 8, 8)	1.000044813344488	0.9998553624474505	0.6890368817556319
(7, 8, 9)	1.0002004181662913	0.9996547766925951	0.6884554228601433
(7, 8, 10)	1.0002235935281172	0.999889200924377	0.6854500678623299
(7, 9, 2)	1.000110726183748	0.9998411822259466	0.6842717547877949
(7, 9, 3)	0.9999494806220506	1.0000545405964167	0.6846790063696757
(7, 9, 4)	0.9998641938529804	1.0001359697674548	0.7219296310409352
(7, 9, 5)	0.9998645292571181	1.000015060237484	0.6444289560256571
(7, 9, 6)	1.0000397677795723	0.9999914293831312	0.6793928784156973
(7, 9, 7)	1.0001191959945317	1.0003614097180689	0.689259377738158
(7, 9, 8)	0.9999810305672089	1.0001660453661647	0.703324286975602
(7, 9, 9)	0.9999490218458105	1.0000185838160038	0.6738247117490238
(7, 9, 10)	0.9994238797500576	1.0001376597443608	0.7167230939307208
(7, 10, 2)	0.9999608891746906	1.0001350345440463	0.7201430765649792
(7, 10, 3)	1.0000724220870778	1.000218889746643	0.6851481223690786
(7, 10, 4)	0.999965223445006	1.0001037556215888	0.6390966736395619
(7, 10, 5)	1.000050307858365	0.9999930347974177	0.6730034543761706
(7, 10, 6)	1.0000411062110848	0.9998832432073186	0.6539922399990138
(7, 10, 7)	0.9998155874804752	1.0000998420561968	0.6560200096013441
(7, 10, 8)	1.0002063852088259	1.0003766018194393	0.6612266708397373
(7, 10, 9)	1.0000203115284685	1.0000237202308726	0.687558360957887
(7, 10, 10)	1.0000376771489314	1.000063552790332	0.6737039859427407
(8, 2, 2)	0.9999607601652815	0.9999340814966718	0.6469256825687097
(8, 2, 3)	1.0001513160142375	0.9999412236635363	0.7129731151146248
(8, 2, 4)	0.9999658029150975	1.0000206006655108	0.6488751839819995
(8, 2, 5)	0.9999443589527576	1.0000038383213576	0.7211896692218235
(8, 2, 6)	0.9997544687250686	1.0001960486169739	0.6620281767226679
(8, 2, 7)	0.9999746547862185	0.9999579816102767	0.6801242318176812
(8, 2, 8)	1.0000253963192436	0.9998135753435001	0.6994145855699059
(8, 2, 9)	1.000188752562887	0.9997434261761181	0.6859638045155029
(8, 2, 10)	0.9999898784358994	1.0000063263818026	0.7268415735237588
(8, 3, 2)	0.9998815644731522	0.9999809589979564	0.7011348553664529
(8, 3, 3)	1.0000628265856248	0.99978344894297	0.7138545678356477
(8, 3, 4)	1.0000951579799648	0.9998972652129101	0.7683871630101742
(8, 3, 5)	0.9999592146525055	1.0000434106237177	0.6995879951523556
(8, 3, 6)	1.0000193701497797	1.0001721485237414	0.7066536983867161
(8, 3, 7)	0.9999773251968844	1.000085476570582	0.6477463839733162
(8, 3, 8)	1.0000507811629264	0.9999862934777117	0.719091917740243
(8, 3, 9)	1.0000008969410832	0.9999583390244021	0.7066049279926471
(8, 3, 10)	1.0000027776958205	0.9997907923514933	0.6653425517352398
(8, 4, 2)	1.0000383864564248	0.9999367009975341	0.6865551752672789
(8, 4, 3)	0.999961456653502	0.9999600568972432	0.6722266260119815
(8, 4, 4)	1.00001368682946	0.9999662879514912	0.6601069347095361
(8, 4, 5)	1.0000174472432244	0.9999252380187427	0.6875809623871657
(8, 4, 6)	0.9997604395058598	1.0003667813024333	0.6769986687456783
(8, 4, 7)	1.0002707853777972	0.9998405015556168	0.677255194044106
(8, 4, 8)	0.9999617907508849	1.000044594913337	0.6575148024762306
(8, 4, 9)	1.0000579928551114	0.9998652655844874	0.7000588385540718
(8, 4, 10)	0.9996251854512685	1.0004614428715466	0.6855104526115756
(8, 5, 2)	1.0001591056324528	0.9992133644371398	0.6843927729622643
(8, 5, 3)	1.0000470615623311	0.9999683058244355	0.6824009241533461
(8, 5, 4)	1.0001238050458179	0.9998652329817009	0.6918628318160615
(8, 5, 5)	1.0000857155996825	1.000039963786395	0.6680476898999382
(8, 5, 6)	0.9999396380780797	1.0002103468544288	0.6779236673170873
(8, 5, 7)	1.0001271473327367	1.0000495808851864	0.7314515806760417
(8, 5, 8)	1.000049569941216	0.9999282685051901	0.6400596721115089
(8, 5, 9)	0.9999994003818784	1.0000535290512242	0.69973845321417
(8, 5, 10)	0.9998962797878859	1.0000153512443	0.7088634139517934
(8, 6, 2)	0.9996608662346406	1.0002913736942842	0.6902394890728853
(8, 6, 3)	0.9999206599650091	1.0000490191592777	0.6990064930121238
(8, 6, 4)	1.000132819647008	1.0000463998787215	0.698358776609604
(8, 6, 5)	0.9999491530192345	1.0000993358604287	0.6419662219569547
(8, 6, 6)	0.999926237509855	0.9999079264510603	0.7267982893112551
(8, 6, 7)	0.9999651106568129	1.000036445922972	0.6626149511027445
(8, 6, 8)	0.9999745705630293	1.0000509346908693	0.7438437884440289
(8, 6, 9)	0.9999599026295269	1.0000409669063357	0.7150312100051466
(8, 6, 10)	0.999889713994775	1.0000095646128864	0.6766594391086524
(8, 7, 2)	1.0000329085757573	0.9999424703137024	0.7247364281372073
(8, 7, 3)	0.9999233669296211	1.0000771658089986	0.7031857791292103
(8, 7, 4)	0.9999214654122814	1.000215275097003	0.6877823609248588
(8, 7, 5)	1.0000918079199819	1.0001587746067309	0.6390787855760588
(8, 7, 6)	0.9998368390280306	1.0000676064674108	0.6576236831404314
(8, 7, 7)	0.9999914451273257	1.0000516538834003	0.6981387582222064
(8, 7, 8)	1.0000989403751506	1.0000353179775392	0.6943186622079385
(8, 7, 9)	1.000188039595832	0.9999754919673624	0.714770514371299
(8, 7, 10)	1.0000342162029758	1.0000518278095336	0.7228290461333159
(8, 8, 2)	1.0000761812556784	0.999905388372912	0.6454606806860619
(8, 8, 3)	0.9998151429741778	1.000257930797975	0.6835901724495367
(8, 8, 4)	1.00007057587866	0.9999504508161995	0.6646158968265252
(8, 8, 5)	0.9998740818045234	1.0000442216823062	0.6913306618292941
(8, 8, 6)	1.000025306837525	0.9999624758311209	0.6569362111061061
(8, 8, 7)	1.0000348132400225	0.9999364871451052	0.7645192396350798
(8, 8, 8)	1.0000984424459431	1.0000324656524975	0.6870555658994413
(8, 8, 9)	0.9994932999271444	1.0003063514095947	0.6623708760183596
(8, 8, 10)	1.000011841971941	1.0000184319396965	0.6934748419849284
(8, 9, 2)	1.0002005114157788	0.9997026160527401	0.6962194657064507
(8, 9, 3)	1.0000496282462417	0.9999226562906288	0.6981428599397546
(8, 9, 4)	0.9999966319118159	0.9999657359071545	0.642645809295751
(8, 9, 5)	1.0001187287223736	1.000116095687632	0.6990147347729809
(8, 9, 6)	1.0000211165904016	1.0000081811748656	0.6847179560984339
(8, 9, 7)	0.9997124339842007	1.000316653826845	0.6742027564013658
(8, 9, 8)	0.9999561408981611	1.0000500621471382	0.676471937810109
(8, 9, 9)	1.0000540566871636	0.9998270562742376	0.6562314910290917
(8, 9, 10)	0.9999554888959662	0.99997821416502	0.6894777185650833
(8, 10, 2)	1.0000344413298627	0.9999921477719469	0.6686774143147419
(8, 10, 3)	1.0001298753823626	0.9998403227180288	0.6622093294167107
(8, 10, 4)	1.0000244506289897	0.999820221396648	0.6901429222057212
(8, 10, 5)	0.9999994648350341	0.9999569762957923	0.715752227945018
(8, 10, 6)	1.0001208222713414	0.9999432765232429	0.634425634235673
(8, 10, 7)	1.0001426704278746	0.9999599776893284	0.7047260230344317
(8, 10, 8)	0.9998988363053878	1.0000038004464515	0.6611048077820787
(8, 10, 9)	0.999997925341844	0.9999775499620301	0.7876929040540637
(8, 10, 10)	1.0000653738173446	1.0000218068358855	0.6710764022868863
(9, 2, 2)	0.9999867589892952	0.9999125578437772	0.7210123597796486
(9, 2, 3)	1.0000518174589716	1.0000007594466696	0.7536908078807582
(9, 2, 4)	0.9999959367204727	1.0000390457958401	0.6805662335071794
(9, 2, 5)	1.0000563869470822	0.9998677488261926	0.7037571050908019
(9, 2, 6)	0.9999654330538904	1.0000524165111444	0.7167350176556918
(9, 2, 7)	0.9999871948570432	0.9999709312966197	0.6992497994599811
(9, 2, 8)	1.0000072371108009	1.000037440217985	0.7200630410791213
(9, 2, 9)	1.00003307609905	1.0000408036365034	0.7086676372807975
(9, 2, 10)	1.0001552325222283	0.9998384470655993	0.6766409584989114
(9, 3, 2)	1.0000393688220954	1.0000587964022298	0.6976474575431907
(9, 3, 3)	1.0002940521185268	0.9997631462152469	0.6649459110182663
(9, 3, 4)	0.9997672527532108	1.0002324642707308	0.7342115772935884
(9, 3, 5)	0.9999563343285607	0.9998903211162276	0.5749326369151078
(9, 3, 6)	1.0000161286446614	0.9999444772047925	0.718511242747944
(9, 3, 7)	1.0001211523682212	0.9999006454466551	0.714331316257718
(9, 3, 8)	1.000022104161888	0.9998189370536634	0.7002508402037626
(9, 3, 9)	0.9999139649088298	1.0000596426929864	0.7223900228184722
(9, 3, 10)	0.9995880629941414	0.999579644551857	0.7087623515241517
(9, 4, 2)	1.000005713853555	1.0000232262400248	0.6143178313482739
(9, 4, 3)	1.0000209376096916	0.999958387929324	0.6595463744103562
(9, 4, 4)	1.0000417096659937	1.000011705872539	0.6797849016944483
(9, 4, 5)	1.0001663521531163	0.9998640866388134	0.7668857598829593
(9, 4, 6)	1.0000066989104333	1.000026273844396	0.667369285750727
(9, 4, 7)	0.9999651956289793	1.0000144329866885	0.6880617152444365
(9, 4, 8)	1.000093853003307	0.999900829226468	0.7279854292841134
(9, 4, 9)	1.000073639974531	0.9998850400344077	0.6454000132896925
(9, 4, 10)	0.9999572189656479	1.000185877658904	0.7098333376293092
(9, 5, 2)	0.9999899777624042	0.9999845554071266	0.7836954215357743
(9, 5, 3)	1.0000676191391962	0.9999260499758027	0.6807180162570042
(9, 5, 4)	1.0000122060028378	0.9998844495116402	0.7028029231236084
(9, 5, 5)	1.0001557519528104	0.9999305203443974	0.7077430032250265
(9, 5, 6)	1.0000656034919446	1.0000503600320387	0.6890933909165164
(9, 5, 7)	1.0000793410699251	0.9999654693954924	0.6758340878156298
(9, 5, 8)	1.0000313358370285	1.0000270090316214	0.6894573796988953
(9, 5, 9)	1.0000445799224218	0.9999369214629616	0.6834088614153586
(9, 5, 10)	1.0001066788021526	1.0000213880548348	0.7231374574251563
(9, 6, 2)	1.0000581622871785	1.0000932354829548	0.6478721348908477
(9, 6, 3)	0.9999951567590215	1.00019393000145	0.7034283712448078
(9, 6, 4)	0.9997989365576849	1.0001008351372562	0.7090620078059272
(9, 6, 5)	0.999754817675862	1.0000552824720084	0.6670882782597798
(9, 6, 6)	1.0005215485997279	0.9992525399001291	0.676603545467935
(9, 6, 7)	1.0000347043311586	0.9998997923284882	0.6721062091629307
(9, 6, 8)	1.0000215518627609	1.000007522707692	0.6785801122134585
(9, 6, 9)	1.0000738697704163	0.9998861948302054	0.6842260037861086
(9, 6, 10)	1.0001138730726362	0.9999711950895397	0.675174554445507
(9, 7, 2)	0.9999540736085161	1.0000511849938822	0.6601954261887651
(9, 7, 3)	1.0001396403979406	0.9999769920016356	0.6977403788135484
(9, 7, 4)	0.9999893252640298	0.9999612344099107	0.6888823664011491
(9, 7, 5)	1.0000378088168287	0.9999024431525736	0.6276856695141579
(9, 7, 6)	0.9999564237068121	1.0000300893032412	0.7220292533870918
(9, 7, 7)	1.0000683966202382	1.0000313035415216	0.6323387308989311
(9, 7, 8)	0.9999270555415806	0.9998137322428328	0.6851539659598982
(9, 7, 9)	0.9999183510145597	1.0000213707813814	0.6675898228555013
(9, 7, 10)	0.999892585648862	1.0000240422575464	0.6962996522823478
(9, 8, 2)	0.9998903826979798	0.9998467487317095	0.6679151926193754
(9, 8, 3)	0.999985791985354	1.0001442622672867	0.7574268212366587
(9, 8, 4)	1.0000673905277262	1.0000760393487613	0.6788570175374747
(9, 8, 5)	0.9998848611267838	1.0000361474180277	0.67031144809695
(9, 8, 6)	0.9999900293065684	1.0000056642842732	0.6875287728738693
(9, 8, 7)	0.999987655069076	1.0000302569939685	0.7025018924004289
(9, 8, 8)	0.9999988666080959	0.9999948365486434	0.6752013414588726
(9, 8, 9)	0.9999794493559541	0.9999799195336665	0.6345178759085879
(9, 8, 10)	1.000219018749882	0.9999559451701052	0.7128832925565707
(9, 9, 2)	1.00019462271428	1.0001223895154208	0.7083738937998703
(9, 9, 3)	0.9998897826933133	1.0001545052021719	0.6686015867702594
(9, 9, 4)	0.9999722754381436	1.0000069483716756	0.6841811342433851
(9, 9, 5)	1.0003800671991534	0.9998419453095219	0.7270287176653079
(9, 9, 6)	1.0000725261970327	0.9996017456091959	0.6705887938982751
(9, 9, 7)	1.0001699744808934	1.000092597528902	0.7010496765562068
(9, 9, 8)	1.0001160987900684	0.9998427112891392	0.6573813169170729
(9, 9, 9)	1.00003651062386	0.9999878229464971	0.7354363896604826
(9, 9, 10)	1.000075618198599	1.0000387984714567	0.6403473804101443
(9, 10, 2)	1.0000454579582954	0.9999972555071587	0.6917162227855748
(9, 10, 3)	0.9996639448957622	1.000911674521553	0.6990150287639937
(9, 10, 4)	0.9996975021696508	1.000159661334644	0.6825566709848595
(9, 10, 5)	0.9999894703355402	0.9999604931924407	0.7000930116434051
(9, 10, 6)	1.0000113020961738	0.9998302282443008	0.6854694543693098
(9, 10, 7)	1.0000663266582073	0.9999871055634043	0.7040898909519963
(9, 10, 8)	0.9999638927511405	1.000030110983216	0.6792098052177812
(9, 10, 9)	1.0000644118547388	0.9999441012783749	0.6906910766718675
(9, 10, 10)	1.0000590862928445	0.9998643472270469	0.7009572482326111
(10, 2, 2)	0.9999413960666573	1.0000244953620965	0.6924096524719875
(10, 2, 3)	0.9998384562630451	1.0001141351128673	0.722000201590238
(10, 2, 4)	0.9999939369659603	1.000028136271744	0.6628775612694419
(10, 2, 5)	1.000019541177966	0.9999231900809761	0.6977018495218925
(10, 2, 6)	0.9998749041892454	1.0002557330302582	0.6706655775587118
(10, 2, 7)	0.9997225038290566	1.000072935746799	0.7218163797207479
(10, 2, 8)	0.9999940328532765	1.0000066737746138	0.7565485411015199
(10, 2, 9)	1.0000358279463466	1.0001165246348638	0.7033374795857413
(10, 2, 10)	0.9999552096060542	1.000024753624163	0.6331851201021856
(10, 3, 2)	0.9999638142660557	1.0001016263111084	0.7207835314177119
(10, 3, 3)	0.9999362346921479	0.9999389692529742	0.7091081843689951
(10, 3, 4)	1.0002102392964598	0.9998641009781177	0.7081600331573599
(10, 3, 5)	0.9999451379558697	1.0003859027985798	0.6431808158509039
(10, 3, 6)	1.0000150069347646	0.9999639129619734	0.6697257183160963
(10, 3, 7)	0.9998661066869556	1.000168953786555	0.6838808259794068
(10, 3, 8)	1.0000261168908204	0.9999668831496146	0.7460647444208449
(10, 3, 9)	1.0000585871021304	0.9999962999324526	0.6618242954575376
(10, 3, 10)	1.0000341395576224	0.9999348204996205	0.6695065091438045
(10, 4, 2)	1.0000183420102886	1.0001232896469208	0.6720838541174496
(10, 4, 3)	0.9999732891472198	1.0002679800007706	0.6249168285978993
(10, 4, 4)	0.9998762805633207	1.0002832716185992	0.6580619763600604
(10, 4, 5)	1.0000053824839055	0.9999094948101457	0.7094679073312735
(10, 4, 6)	0.9999393415955236	0.9998939259305554	0.7218937477742194
(10, 4, 7)	1.0000122368967344	0.9998477904140411	0.7174730372006066
(10, 4, 8)	1.0000181272177218	0.9999727180037961	0.6679255731577092
(10, 4, 9)	1.0001619618397226	0.9998496824450938	0.7183211656854489
(10, 4, 10)	0.9999548761579616	1.0000333458109585	0.6809035286802518
(10, 5, 2)	1.0000131220989277	1.0000995945548001	0.6774120378106556
(10, 5, 3)	1.0000379128241028	0.9997713579381994	0.6747958254447058
(10, 5, 4)	1.0000029822006797	0.99996983792297	0.7229467906636935
(10, 5, 5)	1.0000310454698345	0.9999447518736359	0.6947294902098813
(10, 5, 6)	0.9999602386173178	0.9999883262062144	0.7175875432608093
(10, 5, 7)	1.0001018499335994	0.9998196951825059	0.6678984784164183
(10, 5, 8)	1.0000164257353032	1.0000612351345952	0.7392882627652455
(10, 5, 9)	1.0001117335324663	0.999939003361517	0.6704698586270716
(10, 5, 10)	0.9999139443863376	1.000047046211429	0.7173196157477503
(10, 6, 2)	0.9999187655247912	1.0000983611952288	0.6702548393403209
(10, 6, 3)	1.0001581835768734	0.999890564727327	0.6770281730990971
(10, 6, 4)	0.9999611136391497	0.9999798747985971	0.6923727487964324
(10, 6, 5)	0.9999657409644835	1.00022924201821	0.6665520436898901
(10, 6, 6)	1.00005463791749	1.0000024619946448	0.6828859775620795
(10, 6, 7)	0.9998440922393672	0.9999977256049887	0.6354229181690781
(10, 6, 8)	1.0000036416629496	1.0000064589332982	0.6559274121867528
(10, 6, 9)	0.9999343435950502	1.0001485919365585	0.6912556240996679
(10, 6, 10)	1.0000352422612346	0.9999610125336681	0.7070377307162321
(10, 7, 2)	1.000064339579314	0.9998619767741628	0.687191588487997
(10, 7, 3)	1.0001689937245302	0.9998525094729405	0.7181834376084643
(10, 7, 4)	1.0003612828862742	0.9998053023676329	0.6682587607616107
(10, 7, 5)	0.9999741210440142	0.999797739458268	0.7440984757723644
(10, 7, 6)	1.000089791780366	0.9996300491683998	0.7110514353249148
(10, 7, 7)	0.9999217758914035	1.0001170407780116	0.6677903994752901
(10, 7, 8)	0.9999975974119794	0.9999669046524812	0.6577846124724591
(10, 7, 9)	1.0000115586396228	0.9998245503516936	0.7112818401752203
(10, 7, 10)	1.0000535790425378	0.9998328819176158	0.7076503952035617
(10, 8, 2)	0.9999161609065637	1.0001611295241304	0.6923136639184462
(10, 8, 3)	0.9999485305612408	1.0001050496307868	0.7124525319159702
(10, 8, 4)	1.0001887395677163	0.999946946199497	0.6803192482428361
(10, 8, 5)	0.9998894076519399	1.0000325578241738	0.7182005280317114
(10, 8, 6)	1.000021109881264	0.9997659562716943	0.6929987298166612
(10, 8, 7)	1.0000199967047352	1.000023704677722	0.6665619189232467
(10, 8, 8)	0.9999876836427314	0.999820732945107	0.7229970221736667
(10, 8, 9)	0.9999618244289629	1.0000235210057913	0.6564403953584421
(10, 8, 10)	1.0000101101991938	0.9999548134093172	0.6943306320528
(10, 9, 2)	1.0006137791095002	1.0001165300967472	0.6830788229761076
(10, 9, 3)	1.0000506639440392	0.9999502391421141	0.6891408859296588
(10, 9, 4)	1.000024730042781	1.0000085572005735	0.6939282693209095
(10, 9, 5)	1.0000091202415256	0.9999290975898124	0.7455062981430033
(10, 9, 6)	1.0000353197867133	1.0000922366384828	0.6822221504729021
(10, 9, 7)	0.9999263282210397	1.000085228057607	0.6817732821047608
(10, 9, 8)	0.9999620469231644	0.9997646312631614	0.6900836437180115
(10, 9, 9)	0.9999405482467834	0.9999484571430831	0.7419274779869205
(10, 9, 10)	1.0001195476801763	0.9998665235109538	0.6620610451222667
(10, 10, 2)	0.9999632710268787	1.0001243992388544	0.6940198638527794
(10, 10, 3)	1.0000987745165841	1.000048853348045	0.6870200653891861
(10, 10, 4)	0.999975166178898	1.000130497166336	0.6849495925621032
(10, 10, 5)	0.9999363112569783	1.0002761246790248	0.6752195110960443
(10, 10, 6)	0.99999498773329	0.9999651429128796	0.6284659835429727
(10, 10, 7)	0.9999732162745176	1.0000097181771095	0.6623167139136682
(10, 10, 8)	0.9999309610087445	0.9996572926018313	0.6765244872511891
(10, 10, 9)	1.0001495394217732	0.999975392240009	0.6939325611185637
(10, 10, 10)	0.9999207114104182	0.999973542040071	0.6430503562751197
